   76
   2.400000      0.1361042    
   2.420000      0.1118080    
   2.440000      9.1635391E-02
   2.460000      7.5047389E-02
   2.480000      6.1451726E-02
   2.500000      5.0415434E-02
   2.520000      4.1439280E-02
   2.540000      3.4207698E-02
   2.560000      2.8342495E-02
   2.580000      2.3703914E-02
   2.600000      1.9960243E-02
   2.620000      1.6896851E-02
   2.640000      1.4427293E-02
   2.660000      1.2417465E-02
   2.680000      1.0766178E-02
   2.700000      9.3536722E-03
   2.720000      8.1790034E-03
   2.740000      7.1719931E-03
   2.760000      6.3038897E-03
   2.780000      5.5414131E-03
   2.800000      4.8679649E-03
   2.820000      4.2646122E-03
   2.840000      3.7194674E-03
   2.860000      3.2388153E-03
   2.880000      2.8112708E-03
   2.900000      2.4295552E-03
   2.920000      2.0922031E-03
   2.940000      1.8016602E-03
   2.960000      1.5455919E-03
   2.980000      1.3241542E-03
   3.000000      1.1301672E-03
   3.020000      9.6136576E-04
   3.040000      8.1539399E-04
   3.060000      6.9061265E-04
   3.080000      5.8161002E-04
   3.100000      4.8780441E-04
   3.120000      4.0681340E-04
   3.140000      3.3820840E-04
   3.160000      2.7979689E-04
   3.180000      2.3012492E-04
   3.200000      1.8815312E-04
   3.220000      1.5313638E-04
   3.240000      1.2407893E-04
   3.260000      1.0011341E-04
   3.280000      8.0386832E-05
   3.300000      6.4262327E-05
   3.320000      5.1189381E-05
   3.340000      4.0697429E-05
   3.360000      3.2302749E-05
   3.380000      2.5598738E-05
   3.400000      2.0293792E-05
   3.420000      1.6108652E-05
   3.440000      1.2832967E-05
   3.460000      1.0281996E-05
   3.480000      8.2903443E-06
   3.500000      6.7358897E-06
   3.520000      5.5315113E-06
   3.540000      4.5986185E-06
   3.560000      3.8718499E-06
   3.580000      3.2990843E-06
   3.600000      2.8448710E-06
   3.620000      2.4842748E-06
   3.640000      2.1928706E-06
   3.660000      1.9551230E-06
   3.680000      1.7569363E-06
   3.700000      1.5886687E-06
   3.720000      1.4441650E-06
   3.740000      1.3195674E-06
   3.760000      1.2096261E-06
   3.780000      1.1117147E-06
   3.800000      1.0236175E-06
   3.820000      9.4387360E-07
   3.840000      8.7162437E-07
   3.860000      8.0581657E-07
   3.880000      7.4530465E-07
   3.900000      6.8960111E-07
