   76
   2.500000      0.1975854    
   2.520000      0.1675947    
   2.540000      0.1421284    
   2.560000      0.1202666    
   2.580000      0.1015932    
   2.600000      8.5737027E-02
   2.620000      7.2187781E-02
   2.640000      6.0640302E-02
   2.660000      5.0852921E-02
   2.680000      4.2585813E-02
   2.700000      3.5617776E-02
   2.720000      2.9747337E-02
   2.740000      2.4831738E-02
   2.760000      2.0725122E-02
   2.780000      1.7298011E-02
   2.800000      1.4445541E-02
   2.820000      1.2078910E-02
   2.840000      1.0122503E-02
   2.860000      8.4992442E-03
   2.880000      7.1615102E-03
   2.900000      6.0564885E-03
   2.920000      5.1408457E-03
   2.940000      4.3817805E-03
   2.960000      3.7512020E-03
   2.980000      3.2254728E-03
   3.000000      2.7832678E-03
   3.020000      2.4103851E-03
   3.040000      2.0935037E-03
   3.060000      1.8207039E-03
   3.080000      1.5847796E-03
   3.100000      1.3805152E-03
   3.120000      1.2021736E-03
   3.140000      1.0458442E-03
   3.160000      9.0834335E-04
   3.180000      7.8793173E-04
   3.200000      6.8214594E-04
   3.220000      5.8934005E-04
   3.240000      5.0800765E-04
   3.260000      4.3688476E-04
   3.280000      3.7458871E-04
   3.300000      3.2030285E-04
   3.320000      2.7327516E-04
   3.340000      2.3253466E-04
   3.360000      1.9723157E-04
   3.380000      1.6673743E-04
   3.400000      1.4057721E-04
   3.420000      1.1816177E-04
   3.440000      9.9014542E-05
   3.460000      8.2702943E-05
   3.480000      6.8871625E-05
   3.500000      5.7160392E-05
   3.520000      4.7277430E-05
   3.540000      3.8982060E-05
   3.560000      3.2069380E-05
   3.580000      2.6330403E-05
   3.600000      2.1562935E-05
   3.620000      1.7604722E-05
   3.640000      1.4353604E-05
   3.660000      1.1705645E-05
   3.680000      9.5590440E-06
   3.700000      7.8121921E-06
   3.720000      6.3873313E-06
   3.740000      5.2307696E-06
   3.760000      4.3044565E-06
   3.780000      3.5662551E-06
   3.800000      2.9751452E-06
   3.820000      2.4985252E-06
   3.840000      2.1123701E-06
   3.860000      1.8014689E-06
   3.880000      1.5525311E-06
   3.900000      1.3518968E-06
   3.920000      1.1883822E-06
   3.940000      1.0531853E-06
   3.960000      9.4024244E-07
   3.980000      8.4619921E-07
   4.000000      7.6696972E-07
