   76
   2.600000      0.1254127    
   2.620000      0.1052323    
   2.640000      8.8115737E-02
   2.660000      7.3697224E-02
   2.680000      6.1590433E-02
   2.700000      5.1472187E-02
   2.720000      4.3020975E-02
   2.740000      3.5971615E-02
   2.760000      3.0122828E-02
   2.780000      2.5274649E-02
   2.800000      2.1261076E-02
   2.820000      1.7926436E-02
   2.840000      1.5181578E-02
   2.860000      1.2902066E-02
   2.880000      1.1010667E-02
   2.900000      9.4335685E-03
   2.920000      8.1190392E-03
   2.940000      7.0131207E-03
   2.960000      6.0744891E-03
   2.980000      5.2803392E-03
   3.000000      4.5947372E-03
   3.020000      4.0038647E-03
   3.040000      3.4903158E-03
   3.060000      3.0421186E-03
   3.080000      2.6486269E-03
   3.100000      2.3022308E-03
   3.120000      1.9972003E-03
   3.140000      1.7298292E-03
   3.160000      1.4951837E-03
   3.180000      1.2892991E-03
   3.200000      1.1087435E-03
   3.220000      9.5108367E-04
   3.240000      8.1322802E-04
   3.260000      6.9315836E-04
   3.280000      5.8934279E-04
   3.300000      4.9966003E-04
   3.320000      4.2224460E-04
   3.340000      3.5565492E-04
   3.360000      2.9851325E-04
   3.380000      2.4982134E-04
   3.400000      2.0851608E-04
   3.420000      1.7350900E-04
   3.440000      1.4386233E-04
   3.460000      1.1884103E-04
   3.480000      9.7907512E-05
   3.500000      8.0480648E-05
   3.520000      6.5995388E-05
   3.540000      5.3974101E-05
   3.560000      4.4019143E-05
   3.580000      3.5841000E-05
   3.600000      2.9164134E-05
   3.620000      2.3743549E-05
   3.640000      1.9345180E-05
   3.660000      1.5779280E-05
   3.680000      1.2886115E-05
   3.700000      1.0555092E-05
   3.720000      8.6951886E-06
   3.740000      7.2105950E-06
   3.760000      6.0213092E-06
   3.780000      5.0636213E-06
   3.800000      4.2883612E-06
   3.820000      3.6678466E-06
   3.840000      3.1702343E-06
   3.860000      2.7676449E-06
   3.880000      2.4373496E-06
   3.900000      2.1629376E-06
   3.920000      1.9343038E-06
   3.940000      1.7436690E-06
   3.960000      1.5820074E-06
   3.980000      1.4430893E-06
   4.000000      1.3215389E-06
   4.020000      1.2143511E-06
   4.040000      1.1195153E-06
   4.060000      1.0347428E-06
   4.080000      9.5820769E-07
   4.100000      8.8864965E-07
